 	[450,22],
	[449,22],
	[448,22],
	[447,22],
	[446,22],
	[445,22],
	[444,22],
	[443,21],
	[443,22],
	[442,21],
	[442,20],
	[443,20],
	[443,19],
	[442,19],
	[443,18],
	[442,18],
	[443,17],
	[442,17],
	[443,16],
	[442,16],
	[443,15],
	[442,15],
	[443,14],
	[442,14],
	[443,13],
	[442,13],
	[443,12],
	[442,12],
	[443,11],
	[442,11],
	[442,10],
	[442,9],
	[442,8],
	[442,7],
	[441,6],
	[441,7],
	[441,5],
	[440,4],
	[440,5],
	[440,6],
	[439,4],
	[439,5],
	[438,3],
	[438,4],
	[437,4],
	[437,3],
	[436,3],
	[435,3],
	[434,3],
	[434,2],
	[433,3],
	[433,2],
	[432,3],
	[432,2],
	[432,4],
	[432,5],
	[433,6],
	[432,6],
	[433,7],
	[432,7],
	[434,7],
	[434,6],
	[435,7],
	[437,10],
	[438,12],
	[438,13],
	[438,14],
	[438,15],
	[438,16],
	[438,17],
	[438,18],
	[438,19],
	[438,20],
	[438,21],
	[437,22],
	[436,22],
	[438,22],
	[435,22],
	[434,22],
	[433,22],
	[432,22],
	[431,22],
	[430,22],
	[429,22],
	[428,21],
	[428,22],
	[428,20],
	[427,20],
	[427,21],
	[427,22],
	[427,19],
	[428,19],
	[427,18],
	[428,18],
	[427,17],
	[427,16],
	[427,15],
	[427,14],
	[426,13],
	[427,13],
	[426,12],
	[426,11],
	[426,10],
	[425,10],
	[425,9],
	[425,8],
	[424,8],
	[424,7],
	[424,6],
	[423,6],
	[422,5],
	[423,5],
	[421,4],
	[422,4],
	[419,3],
	[420,3],
	[421,3],
	[418,3],
	[417,2],
	[418,2],
	[419,2],
	[416,2],
	[415,2],
	[414,2],
	[413,2],
	[412,2],
	[411,3],
	[411,2],
	[410,3],
	[410,2],
	[409,4],
	[409,3],
	[411,7],
	[410,7],
	[407,5],
	[409,8],
	[409,9],
	[406,7],
	[405,9],
	[405,8],
	[404,11],
	[404,10],
	[404,9],
	[404,12],
	[403,13],
	[403,12],
	[403,11],
	[403,14],
	[403,15],
	[402,15],
	[403,16],
	[402,16],
	[403,17],
	[402,17],
	[403,18],
	[402,18],
	[402,19],
	[402,20],
	[402,21],
	[402,22],
	[401,22],
	[400,22],
	[399,22],
	[398,22],
	[397,22],
	[396,22],
	[395,22],
	[394,22],
	[393,22],
	[392,22],
	[391,22],
	[390,22],
	[389,22],
	[391,21],
	[390,21],
	[389,21],
	[391,20],
	[390,20],
	[391,19],
	[392,20],
	[392,19],
	[392,18],
	[393,18],
	[393,17],
	[394,17],
	[394,16],
	[395,15],
	[395,16],
	[396,14],
	[396,15],
	[397,13],
	[397,14],
	[395,12],
	[396,12],
	[397,12],
	[398,12],
	[398,13],
	[393,12],
	[394,12],
	[395,12],
	[393,13],
	[392,13],
	[392,12],
	[391,13],
	[392,14],
	[391,14],
	[391,15],
	[390,16],
	[390,15],
	[390,14],
	[389,17],
	[389,16],
	[389,15],
	[388,18],
	[388,17],
	[388,16],
	[387,19],
	[387,18],
	[386,19],
	[386,20],
	[385,20],
	[384,21],
	[385,21],
	[383,22],
	[384,22],
	[382,22],
	[381,20],
	[381,21],
	[381,22],
	[380,22],
	[380,21],
	[380,20],
	[380,19],
	[381,19],
	[380,18],
	[381,18],
	[380,17],
	[381,17],
	[380,16],
	[381,16],
	[381,15],
	[381,14],
	[381,13],
	[381,12],
	[381,11],
	[381,9],
	[381,10],
	[381,8],
	[381,7],
	[381,6],
	[381,5],
	[381,4],
	[381,3],
	[381,2],
	[381,1],
	[381,0],
	[380,2],
	[380,1],
	[380,0],
	[379,0],
	[378,0],
	[377,0],
	[376,4],
	[376,3],
	[376,2],
	[376,5],
	[376,6],
	[376,7],
	[376,8],
	[376,9],
	[376,10],
	[376,11],
	[376,12],
	[376,13],
	[376,14],
	[376,15],
	[376,16],
	[376,17],
	[376,18],
	[376,19],
	[376,20],
	[376,21],
	[376,22],
	[375,22],
	[374,22],
	[373,22],
	[372,22],
	[371,22],
	[370,22],
	[369,22],
	[368,22],
	[367,22],
	[366,22],
	[365,20],
	[365,19],
	[365,18],
	[365,17],
	[365,16],
	[364,17],
	[364,16],
	[364,18],
	[365,15],
	[364,15],
	[365,14],
	[364,14],
	[365,13],
	[364,13],
	[365,12],
	[364,12],
	[365,11],
	[364,11],
	[365,10],
	[364,10],
	[365,9],
	[364,9],
	[365,8],
	[364,8],
	[365,7],
	[364,7],
	[365,6],
	[364,6],
	[365,5],
	[364,5],
	[365,4],
	[364,4],
	[364,3],
	[365,3],
	[360,3],
	[359,4],
	[359,3],
	[358,5],
	[358,4],
	[357,5],
	[358,6],
	[357,6],
	[357,7],
	[356,7],
	[356,8],
	[355,8],
	[356,9],
	[355,9],
	[355,10],
	[354,10],
	[353,11],
	[354,11],
	[353,12],
	[352,12],
	[353,13],
	[352,13],
	[352,14],
	[351,14],
	[351,15],
	[350,15],
	[351,16],
	[350,16],
	[349,17],
	[350,17],
	[349,18],
	[348,18],
	[349,19],
	[348,19],
	[348,20],
	[347,20],
	[347,21],
	[346,21],
	[345,22],
	[344,22],
	[343,22],
	[342,22],
	[341,22],
	[340,22],
	[339,22],
	[338,22],
	[337,22],
	[337,21],
	[336,17],
	[336,18],
	[336,19],
	[336,16],
	[335,16],
	[335,17],
	[335,15],
	[334,15],
	[334,14],
	[333,13],
	[333,14],
	[332,12],
	[332,13],
	[329,11],
	[328,11],
	[325,11],
	[324,11],
	[324,12],
	[323,12],
	[322,12],
	[321,12],
	[321,13],
	[320,13],
	[319,13],
	[320,14],
	[319,14],
	[318,14],
	[318,15],
	[317,15],
	[317,14],
	[317,13],
	[316,15],
	[316,14],
	[316,13],
	[317,16],
	[318,16],
	[317,13],
	[316,13],
	[316,12],
	[316,12],
	[315,12],
	[314,12],
	[313,12],
	[312,13],
	[312,12],
	[312,14],
	[313,12],
	[312,15],
	[312,16],
	[312,17],
	[312,22],
	[311,22],
	[312,21],
	[312,20],
	[310,22],
	[309,22],
	[308,22],
	[307,22],
	[306,22],
	[305,22],
	[304,22],
	[303,22],
	[302,22],
	[301,22],
	[301,21],
	[301,20],
	[301,19],
	[301,18],
	[301,17],
	[301,16],
	[301,15],
	[301,14],
	[301,13],
	[301,12],
	[301,11],
	[301,10],
	[301,9],
	[301,8],
	[301,7],
	[301,6],
	[301,5],
	[301,4],
	[301,3],
	[296,4],
	[295,5],
	[295,4],
	[294,6],
	[294,5],
	[294,7],
	[296,7],
	[293,7],
	[293,6],
	[293,8],
	[292,8],
	[292,7],
	[292,9],
	[291,10],
	[291,9],
	[290,10],
	[291,11],
	[290,11],
	[290,12],
	[289,12],
	[289,13],
	[288,13],
	[288,14],
	[287,15],
	[288,15],
	[287,16],
	[286,16],
	[287,17],
	[286,17],
	[285,18],
	[286,18],
	[285,19],
	[284,19],
	[283,20],
	[284,20],
	[283,21],
	[280,22],
	[279,22],
	[278,22],
	[277,22],
	[276,22],
	[275,22],
	[274,22],
	[273,22],
	[273,21],
	[273,20],
	[273,19],
	[272,19],
	[272,18],
	[273,18],
	[272,17],
	[273,17],
	[271,16],
	[272,16],
	[271,15],
	[272,15],
	[271,14],
	[270,14],
	[269,14],
	[268,13],
	[269,13],
	[265,12],
	[266,12],
	[267,12],
	[264,12],
	[263,12],
	[262,12],
	[262,11],
	[263,11],
	[264,11],
	[261,12],
	[261,11],
	[260,12],
	[259,12],
	[258,12],
	[258,13],
	[257,12],
	[257,13],
	[256,13],
	[256,14],
	[255,14],
	[255,15],
	[254,15],
	[253,15],
	[253,14],
	[253,13],
	[254,16],
	[253,16],
	[253,13],
	[253,12],
	[252,12],
	[251,12],
	[250,12],
	[249,13],
	[249,14],
	[249,15],
	[249,16],
	[249,17],
	[249,18],
	[249,19],
	[249,20],
	[249,21],
	[249,22],
	[248,22],
	[247,22],
	[246,22],
	[245,22],
	[244,22],
	[243,22],
	[242,22],
	[241,22],
	[240,22],
	[239,22],
	[238,22],
	[237,22],
	[236,22],
	[235,22],
	[234,22],
	[233,22],
	[233,21],
	[233,20],
	[233,19],
	[233,18],
	[233,17],
	[233,16],
	[233,15],
	[233,14],
	[233,13],
	[233,12],
	[233,11],
	[233,10],
	[233,9],
	[233,8],
	[233,7],
	[233,6],
	[233,5],
	[233,4],
	[233,3],
	[232,3],
	[231,3],
	[233,2],
	[232,2],
	[231,2],
	[230,3],
	[230,2],
	[229,3],
	[229,2],
	[228,4],
	[228,3],
	[227,5],
	[227,4],
	[227,3],
	[226,4],
	[226,5],
	[225,5],
	[225,6],
	[224,6],
	[224,7],
	[223,6],
	[223,7],
	[223,8],
	[222,8],
	[222,7],
	[221,8],
	[221,9],
	[220,10],
	[220,9],
	[220,11],
	[219,11],
	[219,10],
	[219,12],
	[220,12],
	[218,10],
	[218,11],
	[220,13],
	[221,13],
	[221,14],
	[222,13],
	[222,14],
	[223,13],
	[223,12],
	[224,12],
	[223,11],
	[224,11],
	[225,11],
	[225,10],
	[226,10],
	[227,9],
	[226,9],
	[228,11],
	[228,10],
	[228,9],
	[228,8],
	[227,8],
	[229,9],
	[229,8],
	[228,11],
	[228,12],
	[228,13],
	[228,14],
	[228,15],
	[228,16],
	[228,17],
	[228,18],
	[228,19],
	[228,20],
	[228,21],
	[228,22],
	[227,22],
	[226,22],
	[225,22],
	[224,22],
	[223,22],
	[222,22],
	[221,22],
	[220,22],
	[219,22],
	[218,22],
	[217,22],
	[216,22],
	[215,22],
	[214,22],
	[213,22],
	[212,22],
	[211,22],
	[210,20],
	[210,19],
	[209,19],
	[209,20],
	[209,18],
	[209,17],
	[209,16],
	[208,17],
	[208,16],
	[208,15],
	[207,15],
	[207,14],
	[206,14],
	[206,13],
	[205,13],
	[205,12],
	[204,12],
	[204,13],
	[203,12],
	[202,12],
	[201,11],
	[201,12],
	[200,11],
	[200,12],
	[199,11],
	[199,12],
	[198,11],
	[198,12],
	[197,12],
	[196,12],
	[195,12],
	[195,13],
	[194,12],
	[194,13],
	[193,13],
	[193,14],
	[192,13],
	[192,14],
	[192,15],
	[191,14],
	[191,15],
	[190,14],
	[190,15],
	[190,16],
	[191,16],
	[190,13],
	[192,13],
	[192,14],
	[192,15],
	[190,12],
	[193,13],
	[190,3],
	[190,4],
	[190,5],
	[190,6],
	[190,3],
	[190,2],
	[190,1],
	[187,0],
	[188,0],
	[189,0],
	[186,0],
	[186,1],
	[186,2],
	[185,2],
	[185,1],
	[185,0],
	[185,3],
	[186,3],
	[185,4],
	[186,4],
	[185,5],
	[186,5],
	[185,6],
	[186,6],
	[185,7],
	[186,7],
	[185,8],
	[186,8],
	[185,9],
	[186,9],
	[185,10],
	[186,10],
	[185,11],
	[186,11],
	[185,12],
	[186,12],
	[185,13],
	[186,13],
	[185,14],
	[186,14],
	[185,15],
	[186,15],
	[185,16],
	[186,16],
	[185,17],
	[186,17],
	[185,18],
	[186,18],
	[185,19],
	[186,19],
	[185,20],
	[186,20],
	[185,21],
	[186,21],
	[184,22],
	[185,22],
	[186,22],
	[183,22],
	[182,22],
	[181,22],
	[180,22],
	[179,22],
	[178,22],
	[177,22],
	[176,22],
	[175,22],
	[174,22],
	[173,22],
	[172,22],
	[171,22],
	[170,22],
	[169,22],
	[168,22],
	[167,22],
	[166,22],
	[165,22],
	[164,22],
	[163,22],
	[162,22],
	[161,22],
	[160,22],
	[159,22],
	[158,22],
	[157,22],
	[156,20],
	[156,21],
	[156,22],
	[156,19],
	[156,18],
	[156,17],
	[156,16],
	[157,16],
	[156,15],
	[157,15],
	[157,14],
	[157,13],
	[158,13],
	[158,12],
	[157,12],
	[158,11],
	[159,11],
	[159,10],
	[160,10],
	[160,9],
	[161,9],
	[161,8],
	[162,8],
	[162,7],
	[163,7],
	[163,8],
	[164,7],
	[165,6],
	[165,7],
	[166,6],
	[166,7],
	[167,6],
	[168,6],
	[169,6],
	[170,6],
	[171,6],
	[171,7],
	[172,6],
	[172,7],
	[173,7],
	[173,6],
	[174,7],
	[175,7],
	[175,8],
	[176,7],
	[176,8],
	[177,8],
	[178,8],
	[178,7],
	[178,6],
	[179,6],
	[179,5],
	[180,4],
	[179,4],
	[178,4],
	[178,3],
	[177,3],
	[176,3],
	[175,3],
	[175,2],
	[174,3],
	[174,2],
	[173,2],
	[172,2],
	[171,2],
	[170,2],
	[169,2],
	[168,2],
	[167,2],
	[166,2],
	[165,2],
	[164,2],
	[164,3],
	[163,3],
	[163,2],
	[162,3],
	[161,3],
	[161,4],
	[160,4],
	[159,5],
	[159,4],
	[158,6],
	[157,6],
	[156,7],
	[155,9],
	[155,8],
	[154,10],
	[153,11],
	[153,12],
	[152,14],
	[152,15],
	[151,20],
	[151,19],
	[151,18],
	[151,21],
	[150,21],
	[150,20],
	[150,19],
	[150,22],
	[151,22],
	[149,22],
	[148,22],
	[147,22],
	[146,22],
	[145,22],
	[144,22],
	[143,22],
	[142,22],
	[141,22],
	[140,21],
	[140,22],
	[140,20],
	[140,19],
	[140,18],
	[140,17],
	[140,16],
	[140,15],
	[140,14],
	[140,13],
	[140,12],
	[140,11],
	[141,9],
	[142,8],
	[141,8],
	[143,7],
	[142,7],
	[141,7],
	[144,7],
	[145,7],
	[145,6],
	[144,6],
	[143,6],
	[146,6],
	[145,5],
	[146,5],
	[145,4],
	[146,4],
	[145,3],
	[146,3],
	[145,2],
	[146,2],
	[144,3],
	[144,2],
	[145,5],
	[146,5],
	[143,3],
	[142,3],
	[144,6],
	[143,6],
	[142,7],
	[141,7],
	[140,8],
	[137,6],
	[136,9],
	[136,8],
	[135,8],
	[135,9],
	[135,10],
	[135,11],
	[135,12],
	[135,13],
	[135,14],
	[135,15],
	[135,16],
	[131,22],
	[132,22],
	[133,22],
	[134,21],
	[134,22],
	[131,22],
	[134,21],
	[134,22],
	[135,20],
	[135,19],
	[135,21],
	[135,18],
	[135,17],
	[135,20],
	[134,21],
	[135,21],
	[134,22],
	[133,22],
	[135,22],
	[132,22],
	[131,22],
	[130,22],
	[129,22],
	[128,22],
	[127,22],
	[126,22],
	[125,22],
	[124,22],
	[123,22],
	[122,22],
	[121,22],
	[120,22],
	[119,18],
	[119,19],
	[119,20],
	[119,17],
	[119,16],
	[120,16],
	[121,16],
	[122,16],
	[120,15],
	[121,15],
	[122,15],
	[123,15],
	[123,16],
	[124,15],
	[124,16],
	[125,16],
	[125,15],
	[126,16],
	[126,14],
	[126,15],
	[127,16],
	[127,14],
	[127,15],
	[126,13],
	[127,13],
	[126,12],
	[127,12],
	[126,12],
	[127,12],
	[125,12],
	[126,13],
	[124,12],
	[123,12],
	[122,12],
	[121,12],
	[120,12],
	[119,11],
	[119,12],
	[119,10],
	[119,9],
	[119,8],
	[120,8],
	[119,7],
	[120,7],
	[120,6],
	[120,5],
	[121,5],
	[121,4],
	[122,4],
	[123,4],
	[124,4],
	[125,4],
	[126,4],
	[125,3],
	[124,3],
	[127,4],
	[128,5],
	[128,3],
	[128,4],
	[129,4],
	[129,3],
	[129,2],
	[130,1],
	[129,1],
	[128,0],
	[129,0],
	[127,0],
	[126,0],
	[128,1],
	[125,0],
	[124,0],
	[123,0],
	[122,0],
	[121,0],
	[120,0],
	[120,1],
	[119,0],
	[119,1],
	[118,1],
	[118,2],
	[117,2],
	[116,2],
	[116,3],
	[117,3],
	[115,4],
	[116,4],
	[115,5],
	[116,5],
	[115,6],
	[114,8],
	[114,9],
	[114,10],
	[113,12],
	[112,12],
	[113,13],
	[112,13],
	[111,13],
	[110,13],
	[109,13],
	[110,14],
	[109,14],
	[108,14],
	[108,13],
	[108,12],
	[107,14],
	[107,13],
	[107,12],
	[106,12],
	[108,15],
	[107,15],
	[106,15],
	[108,16],
	[107,16],
	[106,16],
	[111,16],
	[110,16],
	[109,16],
	[112,16],
	[109,16],
	[112,16],
	[113,16],
	[114,19],
	[114,18],
	[114,17],
	[114,20],
	[115,18],
	[115,19],
	[115,20],
	[114,21],
	[115,21],
	[114,22],
	[115,22],
	[113,22],
	[112,22],
	[111,22],
	[110,22],
	[109,22],
	[108,22],
	[107,22],
	[106,22],
	[105,22],
	[104,22],
	[103,22],
	[102,22],
	[101,22],
	[100,22],
	[99,21],
	[99,22],
	[99,20],
	[99,19],
	[99,17],
	[99,18],
	[101,16],
	[100,16],
	[99,16],
	[102,16],
	[102,15],
	[101,15],
	[100,15],
	[103,16],
	[103,15],
	[104,16],
	[104,15],
	[102,12],
	[104,12],
	[103,12],
	[101,12],
	[100,12],
	[99,8],
	[99,7],
	[99,6],
	[99,5],
	[98,6],
	[98,5],
	[97,6],
	[97,5],
	[99,7],
	[96,7],
	[96,6],
	[96,5],
	[95,7],
	[96,8],
	[95,8],
	[96,9],
	[95,9],
	[95,10],
	[95,11],
	[94,11],
	[95,12],
	[94,12],
	[93,12],
	[92,12],
	[92,13],
	[93,13],
	[91,13],
	[90,13],
	[90,14],
	[91,14],
	[90,15],
	[91,15],
	[90,16],
	[91,16],
	[92,16],
	[90,15],
	[91,15],
	[92,15],
	[93,15],
	[93,16],
	[94,17],
	[94,16],
	[94,15],
	[95,17],
	[95,16],
	[95,15],
	[95,18],
	[94,18],
	[95,19],
	[94,19],
	[95,20],
	[94,20],
	[95,21],
	[94,21],
	[95,22],
	[94,22],
	[93,22],
	[92,22],
	[91,22],
	[90,22],
	[89,22],
	[88,22],
	[87,22],
	[86,22],
	[85,22],
	[84,22],
	[83,22],
	[82,22],
	[81,22],
	[80,22],
	[79,22],
	[78,22],
	[77,22],
	[76,22],
	[75,22],
	[74,22],
	[73,21],
	[73,22],
	[72,21],
	[72,22],
	[73,20],
	[72,20],
	[74,19],
	[73,19],
	[74,18],
	[74,17],
	[75,18],
	[75,17],
	[76,17],
	[77,16],
	[76,16],
	[78,16],
	[79,16],
	[80,16],
	[81,16],
	[82,16],
	[83,16],
	[84,17],
	[84,16],
	[85,17],
	[85,16],
	[86,17],
	[86,16],
	[87,17],
	[87,16],
	[87,15],
	[88,14],
	[87,14],
	[88,13],
	[87,13],
	[86,13],
	[87,12],
	[86,12],
	[85,12],
	[84,12],
	[83,11],
	[83,12],
	[82,12],
	[82,11],
	[81,12],
	[81,11],
	[80,12],
	[80,11],
	[79,12],
	[79,11],
	[78,12],
	[78,11],
	[77,12],
	[76,12],
	[75,13],
	[75,12],
	[74,13],
	[74,12],
	[73,13],
	[73,14],
	[72,13],
	[72,14],
	[71,14],
	[71,15],
	[70,15],
	[70,16],
	[70,17],
	[69,16],
	[69,17],
	[69,18],
	[68,18],
	[68,19],
	[68,20],
	[68,21],
	[67,20],
	[67,21],
	[67,22],
	[68,22],
	[66,22],
	[65,22],
	[64,22],
	[63,22],
	[62,22],
	[61,22],
	[60,22],
	[59,22],
	[60,22],
	[59,22],
	[61,22],
	[58,22],
	[57,21],
	[57,22],
	[58,20],
	[57,20],
	[58,19],
	[59,18],
	[58,18],
	[59,17],
	[58,17],
	[60,16],
	[59,16],
	[60,15],
	[59,15],
	[60,14],
	[61,14],
	[60,13],
	[61,13],
	[61,12],
	[62,12],
	[62,11],
	[63,10],
	[62,10],
	[63,9],
	[63,8],
	[64,8],
	[64,7],
	[65,7],
	[64,6],
	[65,6],
	[65,5],
	[66,5],
	[65,4],
	[66,4],
	[65,3],
	[66,3],
	[67,3],
	[66,2],
	[67,2],
	[65,2],
	[65,3],
	[64,2],
	[64,3],
	[65,4],
	[66,4],
	[63,2],
	[63,3],
	[62,2],
	[62,3],
	[61,4],
	[61,3],
	[61,2],
	[60,4],
	[60,5],
	[60,6],
	[59,7],
	[59,6],
	[59,8],
	[58,10],
	[58,9],
	[58,8],
	[57,11],
	[57,10],
	[57,12],
	[56,11],
	[56,12],
	[56,13],
	[55,13],
	[55,14],
	[56,14],
	[54,15],
	[55,15],
	[54,16],
	[55,16],
	[53,17],
	[54,17],
	[53,18],
	[54,18],
	[51,19],
	[52,19],
	[53,19],
	[50,17],
	[50,18],
	[50,19],
	[50,20],
	[51,20],
	[52,20],
	[49,18],
	[49,17],
	[50,17],
	[49,16],
	[49,15],
	[48,13],
	[48,14],
	[47,11],
	[47,12],
	[47,13],
	[46,11],
	[46,10],
	[46,12],
	[45,9],
	[45,10],
	[45,8],
	[44,8],
	[44,7],
	[44,6],
	[43,6],
	[43,5],
	[43,4],
	[42,4],
	[42,3],
	[41,3],
	[40,3],
	[39,3],
	[38,3],
	[38,4],
	[38,5],
	[37,4],
	[37,5],
	[38,6],
	[39,6],
	[38,7],
	[39,7],
	[39,8],
	[40,8],
	[39,9],
	[40,9],
	[40,10],
	[41,10],
	[41,11],
	[42,12],
	[41,12],
	[42,13],
	[42,14],
	[43,14],
	[43,13],
	[43,15],
	[43,16],
	[44,16],
	[44,15],
	[44,17],
	[44,18],
	[45,18],
	[45,17],
	[45,19],
	[46,19],
	[45,20],
	[46,20],
	[46,21],
	[47,21],
	[45,22],
	[46,22],
	[47,22],
	[45,22],
	[44,22],
	[43,22],
	[42,22],
	[41,22],
	[40,22],
	[39,22],
	[38,22],
	[37,22],
	[36,22],
	[35,22],
	[34,22],
	[33,22],
	[32,22],
	[31,22],
	[30,22],
	[30,21],
	[31,20],
	[30,20],
	[33,22],
	[31,19],
	[31,18],
	[32,17],
	[32,16],
	[33,14],
	[33,13],
	[33,12],
	[34,11],
	[34,10],
	[34,9],
	[35,8],
	[34,8],
	[35,7],
	[35,6],
	[36,5],
	[37,5],
	[38,5],
	[38,6],
	[38,7],
	[36,4],
	[37,4],
	[38,4],
	[36,3],
	[37,3],
	[38,3],
	[37,2],
	[36,2],
	[38,2],
	[35,3],
	[35,2],
	[34,3],
	[34,2],
	[33,3],
	[33,2],
	[32,3],
	[32,2],
	[31,3],
	[31,4],
	[31,2],
	[31,5],
	[30,4],
	[30,5],
	[30,6],
	[30,7],
	[29,7],
	[30,8],
	[29,8],
	[29,9],
	[29,10],
	[28,10],
	[28,11],
	[29,11],
	[28,12],
	[28,13],
	[27,13],
	[27,14],
	[28,14],
	[27,15],
	[27,16],
	[26,16],
	[27,17],
	[26,17],
	[26,18],
	[26,19],
	[25,19],
	[26,20],
	[25,20],
	[25,21],
	[23,22],
	[22,22],
	[21,22],
	[20,22],
	[19,22],
	[18,22],
	[15,16],
	[15,17],
	[14,16],
	[14,15],
	[14,14],
	[13,15],
	[13,14],
	[13,13],
	[13,12],
	[12,12],
	[13,11],
	[12,11],
	[12,10],
	[12,9],
	[11,9],
	[12,8],
	[11,8],
	[11,7],
	[10,6],
	[11,6],
	[10,5],
	[11,5],
	[10,4],
	[6,6],
	[6,5],
	[5,6],
	[5,5],
	[5,4],
	[5,3],
	[4,3],
	[5,6],
	[5,5],
	[5,4],
	[6,8],
	[6,7],
	[6,6],
	[6,9],
	[7,8],
	[7,9],
	[7,10],
	[7,11],
	[7,12],
	[8,11],
	[8,12],
	[8,13],
	[9,14],
	[9,13],
	[8,14],
	[9,15],
	[10,16],
	[9,16],
	[9,17],
	[10,17],
	[10,18],
	[10,19],
	[11,19],
	[10,20],
	[11,20],
	[11,21],
	[10,22],
	[11,22],
	[9,22],
	[8,22],
	[7,22],
	[6,22],
	[5,22],
	[4,22],
	[3,22],
	[2,22],
	[1,22],
	[0,24],
	[0,23],
	[0,22],
	[0,25],
	[1,26],
	[0,26],
	[0,27],
	[1,27],
	[2,27],
	[3,27],
	[4,27],
	[5,27],
	[6,27],
	[7,27],
	[8,27],
	[9,27],
	[10,27],
	[11,27],
	[12,27],
	[13,28],
	[13,27],
	[14,28],
	[14,29],
	[14,30],
	[15,31],
	[15,30],
	[14,31],
	[15,32],
	[16,33],
	[15,33],
	[16,34],
	[15,34],
	[16,35],
	[17,36],
	[17,37],
	[20,35],
	[18,39],
	[18,40],
	[21,41],
	[20,41],
	[19,41],
	[22,41],
	[23,41],
	[23,40],
	[24,39],
	[23,39],
	[24,38],
	[23,38],
	[25,37],
	[24,37],
	[25,36],
	[25,35],
	[26,34],
	[25,34],
	[26,33],
	[25,33],
	[26,32],
	[27,31],
	[27,30],
	[30,27],
	[29,27],
	[31,27],
	[32,27],
	[33,27],
	[34,27],
	[35,27],
	[36,27],
	[37,27],
	[38,27],
	[39,27],
	[40,27],
	[41,27],
	[42,27],
	[43,27],
	[44,27],
	[45,27],
	[46,27],
	[47,27],
	[48,27],
	[49,27],
	[49,28],
	[49,29],
	[49,30],
	[49,31],
	[49,32],
	[49,33],
	[49,34],
	[49,35],
	[49,36],
	[49,37],
	[49,38],
	[49,39],
	[49,40],
	[52,41],
	[50,41],
	[51,41],
	[53,41],
	[54,40],
	[54,41],
	[54,39],
	[54,38],
	[54,37],
	[54,36],
	[54,35],
	[54,34],
	[54,33],
	[54,32],
	[54,31],
	[54,30],
	[57,27],
	[56,27],
	[55,27],
	[58,27],
	[59,27],
	[60,27],
	[61,27],
	[62,27],
	[63,27],
	[64,27],
	[64,27],
	[65,27],
	[66,27],
	[67,27],
	[67,28],
	[67,29],
	[67,30],
	[67,31],
	[67,32],
	[67,33],
	[68,33],
	[68,32],
	[68,34],
	[68,35],
	[69,35],
	[69,36],
	[70,36],
	[69,37],
	[70,37],
	[70,38],
	[71,38],
	[71,39],
	[72,39],
	[72,40],
	[73,40],
	[73,39],
	[74,40],
	[74,41],
	[75,41],
	[75,40],
	[76,41],
	[77,41],
	[78,41],
	[79,41],
	[80,42],
	[80,41],
	[81,41],
	[82,41],
	[83,41],
	[84,41],
	[85,41],
	[85,40],
	[86,40],
	[86,41],
	[87,40],
	[87,39],
	[87,38],
	[87,37],
	[85,37],
	[87,36],
	[86,36],
	[87,35],
	[85,36],
	[87,36],
	[86,36],
	[84,36],
	[84,37],
	[83,37],
	[85,37],
	[82,37],
	[81,37],
	[80,37],
	[79,37],
	[78,37],
	[77,37],
	[77,36],
	[76,37],
	[76,36],
	[75,36],
	[75,35],
	[74,36],
	[74,35],
	[74,34],
	[73,33],
	[73,34],
	[73,32],
	[72,29],
	[72,30],
	[72,31],
	[72,28],
	[74,27],
	[72,27],
	[73,27],
	[74,27],
	[88,27],
	[89,27],
	[90,27],
	[87,27],
	[86,27],
	[85,27],
	[84,27],
	[83,27],
	[82,27],
	[81,27],
	[80,27],
	[79,27],
	[78,27],
	[77,27],
	[76,27],
	[75,27],
	[78,27],
	[79,27],
	[80,27],
	[81,27],
	[82,27],
	[83,27],
	[84,27],
	[86,27],
	[85,27],
	[87,27],
	[88,27],
	[89,27],
	[88,27],
	[89,27],
	[90,27],
	[91,27],
	[92,27],
	[93,27],
	[94,27],
	[94,28],
	[95,27],
	[95,28],
	[94,29],
	[95,29],
	[93,27],
	[94,30],
	[95,30],
	[94,31],
	[95,31],
	[94,32],
	[95,32],
	[94,33],
	[95,33],
	[94,34],
	[95,34],
	[94,35],
	[95,35],
	[95,36],
	[95,37],
	[96,37],
	[95,38],
	[96,38],
	[97,39],
	[96,39],
	[98,40],
	[97,40],
	[98,41],
	[99,41],
	[99,40],
	[100,41],
	[101,41],
	[102,41],
	[103,41],
	[104,41],
	[105,41],
	[106,41],
	[107,41],
	[107,39],
	[107,40],
	[107,38],
	[108,38],
	[108,39],
	[108,40],
	[106,37],
	[107,37],
	[108,37],
	[106,37],
	[105,37],
	[104,37],
	[103,37],
	[102,37],
	[101,37],
	[101,36],
	[100,37],
	[100,36],
	[100,35],
	[99,35],
	[100,34],
	[99,34],
	[99,33],
	[99,32],
	[99,31],
	[99,30],
	[99,29],
	[99,28],
	[100,27],
	[99,27],
	[101,27],
	[102,27],
	[103,27],
	[104,27],
	[105,27],
	[106,27],
	[107,27],
	[108,27],
	[109,27],
	[110,27],
	[111,27],
	[112,27],
	[113,27],
	[114,27],
	[115,27],
	[115,28],
	[114,28],
	[115,29],
	[114,29],
	[115,30],
	[114,30],
	[115,31],
	[114,31],
	[115,32],
	[114,32],
	[115,33],
	[114,33],
	[115,34],
	[114,34],
	[115,35],
	[114,35],
	[115,36],
	[114,36],
	[115,37],
	[114,37],
	[115,38],
	[114,38],
	[115,39],
	[114,39],
	[115,40],
	[114,40],
	[115,41],
	[116,41],
	[114,41],
	[117,41],
	[118,41],
	[119,40],
	[119,41],
	[119,39],
	[119,38],
	[119,37],
	[119,36],
	[119,35],
	[119,34],
	[119,33],
	[119,32],
	[119,31],
	[119,30],
	[119,29],
	[122,27],
	[121,27],
	[120,27],
	[123,27],
	[124,27],
	[125,27],
	[126,27],
	[127,27],
	[128,27],
	[129,27],
	[129,28],
	[130,28],
	[131,28],
	[132,28],
	[133,28],
	[132,29],
	[133,29],
	[134,29],
	[134,31],
	[134,30],
	[135,32],
	[135,31],
	[135,30],
	[135,33],
	[135,34],
	[135,35],
	[135,36],
	[135,37],
	[135,38],
	[135,39],
	[135,40],
	[135,41],
	[135,42],
	[136,43],
	[135,43],
	[136,44],
	[135,44],
	[136,45],
	[137,45],
	[137,46],
	[136,46],
	[137,47],
	[138,47],
	[138,48],
	[139,47],
	[139,48],
	[140,48],
	[140,49],
	[141,48],
	[141,49],
	[142,49],
	[143,49],
	[144,49],
	[145,48],
	[145,49],
	[145,47],
	[146,49],
	[146,47],
	[146,48],
	[145,46],
	[146,46],
	[146,45],
	[145,45],
	[145,46],
	[145,47],
	[144,45],
	[144,46],
	[143,45],
	[142,44],
	[142,45],
	[141,44],
	[141,45],
	[141,43],
	[140,42],
	[140,43],
	[140,44],
	[140,41],
	[140,40],
	[140,39],
	[140,38],
	[139,38],
	[139,39],
	[139,40],
	[139,37],
	[140,37],
	[139,36],
	[140,36],
	[139,35],
	[140,35],
	[139,34],
	[140,34],
	[139,33],
	[140,33],
	[139,32],
	[140,32],
	[139,31],
	[140,31],
	[139,30],
	[140,30],
	[139,29],
	[138,29],
	[138,28],
	[139,28],
	[137,28],
	[137,27],
	[138,27],
	[139,27],
	[140,27],
	[141,27],
	[142,27],
	[143,27],
	[144,27],
	[145,27],
	[146,27],
	[147,27],
	[148,27],
	[149,27],
	[150,27],
	[151,28],
	[151,27],
	[151,29],
	[152,28],
	[152,29],
	[151,30],
	[152,30],
	[152,31],
	[153,32],
	[152,32],
	[153,33],
	[153,34],
	[154,34],
	[154,35],
	[155,35],
	[154,36],
	[155,36],
	[155,37],
	[156,36],
	[156,37],
	[156,38],
	[157,38],
	[157,37],
	[157,39],
	[158,38],
	[158,39],
	[159,39],
	[159,40],
	[160,39],
	[160,40],
	[161,40],
	[161,41],
	[162,40],
	[162,41],
	[163,41],
	[164,41],
	[165,41],
	[166,41],
	[167,41],
	[168,41],
	[168,42],
	[169,41],
	[170,41],
	[171,41],
	[172,41],
	[173,41],
	[174,41],
	[175,40],
	[175,41],
	[176,40],
	[176,41],
	[177,40],
	[178,39],
	[178,40],
	[178,38],
	[178,37],
	[177,36],
	[178,36],
	[178,35],
	[176,36],
	[175,36],
	[175,37],
	[174,37],
	[174,36],
	[173,37],
	[173,36],
	[172,37],
	[171,37],
	[170,37],
	[169,37],
	[168,37],
	[167,37],
	[166,37],
	[165,37],
	[165,36],
	[164,37],
	[164,36],
	[163,36],
	[162,35],
	[162,36],
	[161,34],
	[161,35],
	[160,33],
	[160,34],
	[159,32],
	[159,33],
	[159,34],
	[158,31],
	[158,32],
	[158,33],
	[158,30],
	[157,31],
	[157,30],
	[157,29],
	[156,29],
	[156,28],
	[157,28],
	[158,27],
	[156,27],
	[157,27],
	[158,27],
	[159,27],
	[160,27],
	[161,27],
	[162,27],
	[163,27],
	[164,27],
	[165,27],
	[166,27],
	[167,27],
	[168,27],
	[169,27],
	[170,27],
	[171,27],
	[172,27],
	[173,27],
	[174,27],
	[175,27],
	[176,27],
	[177,27],
	[178,27],
	[179,27],
	[180,27],
	[181,27],
	[182,27],
	[183,27],
	[184,27],
	[185,27],
	[185,28],
	[186,27],
	[186,28],
	[186,29],
	[185,29],
	[186,30],
	[185,30],
	[186,31],
	[185,31],
	[186,32],
	[185,32],
	[186,33],
	[185,33],
	[186,34],
	[185,34],
	[186,35],
	[185,35],
	[186,36],
	[185,36],
	[186,37],
	[185,37],
	[186,38],
	[185,38],
	[186,39],
	[185,39],
	[186,40],
	[185,40],
	[186,41],
	[185,41],
	[187,41],
	[188,41],
	[189,41],
	[190,40],
	[190,41],
	[190,39],
	[190,38],
	[190,37],
	[190,36],
	[190,35],
	[190,34],
	[190,33],
	[190,32],
	[190,31],
	[190,30],
	[190,29],
	[190,28],
	[190,27],
	[192,27],
	[191,27],
	[193,27],
	[194,27],
	[195,27],
	[196,27],
	[197,27],
	[198,27],
	[199,27],
	[200,27],
	[201,27],
	[202,27],
	[203,27],
	[204,27],
	[205,27],
	[205,28],
	[205,29],
	[205,30],
	[205,31],
	[205,32],
	[205,33],
	[205,34],
	[205,35],
	[205,36],
	[205,37],
	[205,38],
	[205,39],
	[205,40],
	[205,41],
	[206,41],
	[207,41],
	[208,41],
	[209,40],
	[209,39],
	[209,41],
	[210,40],
	[210,41],
	[210,39],
	[209,38],
	[210,38],
	[209,37],
	[210,37],
	[209,36],
	[210,36],
	[209,35],
	[210,35],
	[210,34],
	[209,34],
	[210,33],
	[209,33],
	[210,32],
	[209,32],
	[209,31],
	[210,31],
	[210,30],
	[209,30],
	[210,29],
	[209,29],
	[210,28],
	[209,28],
	[213,27],
	[212,27],
	[211,27],
	[214,27],
	[215,27],
	[216,27],
	[213,27],
	[216,27],
	[217,27],
	[218,27],
	[219,27],
	[220,27],
	[221,27],
	[222,27],
	[223,27],
	[224,27],
	[225,27],
	[226,27],
	[227,27],
	[228,29],
	[228,28],
	[228,27],
	[228,30],
	[228,31],
	[228,32],
	[228,33],
	[228,34],
	[228,35],
	[228,36],
	[228,37],
	[228,38],
	[228,39],
	[228,40],
	[228,41],
	[229,41],
	[230,41],
	[231,41],
	[232,41],
	[233,40],
	[233,41],
	[233,39],
	[233,38],
	[233,37],
	[233,36],
	[233,35],
	[233,34],
	[233,33],
	[233,32],
	[233,31],
	[233,30],
	[233,29],
	[233,28],
	[233,27],
	[234,27],
	[235,27],
	[236,27],
	[237,27],
	[238,27],
	[239,27],
	[240,27],
	[241,27],
	[242,27],
	[243,27],
	[244,27],
	[245,27],
	[246,27],
	[247,27],
	[248,27],
	[249,27],
	[249,28],
	[249,29],
	[249,30],
	[249,31],
	[249,32],
	[249,33],
	[249,34],
	[249,35],
	[249,36],
	[249,37],
	[249,38],
	[249,39],
	[249,40],
	[249,41],
	[250,41],
	[251,41],
	[252,41],
	[253,40],
	[253,41],
	[254,40],
	[254,41],
	[253,39],
	[254,39],
	[253,38],
	[254,38],
	[253,37],
	[254,37],
	[253,36],
	[254,36],
	[253,35],
	[253,34],
	[254,34],
	[254,35],
	[253,33],
	[254,33],
	[253,32],
	[254,32],
	[253,31],
	[254,31],
	[253,30],
	[254,30],
	[253,29],
	[254,29],
	[253,28],
	[254,28],
	[255,27],
	[256,27],
	[254,27],
	[257,27],
	[258,27],
	[259,27],
	[260,27],
	[261,27],
	[262,27],
	[263,27],
	[264,27],
	[265,27],
	[266,27],
	[267,27],
	[268,29],
	[268,28],
	[268,27],
	[269,27],
	[269,29],
	[269,28],
	[269,30],
	[268,30],
	[269,31],
	[268,31],
	[268,32],
	[269,32],
	[268,33],
	[268,34],
	[268,39],
	[268,38],
	[268,37],
	[268,40],
	[269,40],
	[269,39],
	[269,38],
	[268,41],
	[270,41],
	[269,41],
	[271,41],
	[272,41],
	[273,40],
	[273,41],
	[273,39],
	[273,38],
	[273,37],
	[273,36],
	[273,35],
	[273,34],
	[273,33],
	[273,32],
	[273,31],
	[273,30],
	[273,29],
	[273,28],
	[276,27],
	[275,27],
	[274,27],
	[277,27],
	[278,27],
	[278,28],
	[278,29],
	[279,28],
	[279,27],
	[279,29],
	[280,27],
	[278,27],
	[278,28],
	[278,29],
	[278,30],
	[279,30],
	[278,31],
	[279,31],
	[279,32],
	[278,32],
	[280,32],
	[281,32],
	[279,30],
	[282,32],
	[283,32],
	[284,32],
	[285,32],
	[286,32],
	[287,32],
	[288,32],
	[289,32],
	[290,32],
	[291,32],
	[292,32],
	[293,32],
	[294,32],
	[295,32],
	[296,32],
	[297,32],
	[297,33],
	[296,33],
	[297,34],
	[296,34],
	[297,35],
	[296,35],
	[296,36],
	[297,36],
	[297,37],
	[296,37],
	[297,38],
	[296,38],
	[297,39],
	[296,39],
	[297,40],
	[296,40],
	[297,41],
	[296,41],
	[298,41],
	[299,41],
	[300,41],
	[301,41],
	[301,40],
	[301,37],
	[301,36],
	[301,35],
	[301,34],
	[301,33],
	[302,32],
	[301,32],
	[303,32],
	[304,32],
	[305,32],
	[306,32],
	[307,32],
	[307,31],
	[307,30],
	[307,29],
	[307,28],
	[306,28],
	[305,28],
	[304,28],
	[303,28],
	[302,28],
	[301,28],
	[302,27],
	[301,27],
	[303,27],
	[303,27],
	[303,28],
	[304,27],
	[304,28],
	[305,28],
	[305,27],
	[306,27],
	[306,28],
	[307,28],
	[307,27],
	[308,27],
	[309,27],
	[310,27],
	[311,27],
	[312,27],
	[312,28],
	[312,29],
	[312,30],
	[312,31],
	[312,32],
	[312,33],
	[312,34],
	[312,35],
	[312,36],
	[312,37],
	[312,38],
	[312,39],
	[312,40],
	[312,41],
	[313,41],
	[314,41],
	[315,41],
	[316,41],
	[317,41],
	[317,40],
	[317,38],
	[317,39],
	[317,37],
	[317,36],
	[317,35],
	[317,34],
	[317,33],
	[317,32],
	[317,31],
	[317,30],
	[317,29],
	[317,28],
	[318,27],
	[317,27],
	[319,27],
	[320,27],
	[321,27],
	[322,27],
	[323,27],
	[324,27],
	[325,27],
	[326,27],
	[327,27],
	[328,27],
	[329,27],
	[330,27],
	[331,27],
	[332,27],
	[332,28],
	[332,29],
	[332,30],
	[332,31],
	[332,33],
	[332,32],
	[332,34],
	[332,35],
	[332,36],
	[332,37],
	[332,38],
	[332,39],
	[332,40],
	[332,41],
	[333,41],
	[334,41],
	[335,41],
	[336,40],
	[336,41],
	[337,41],
	[337,40],
	[336,40],
	[337,39],
	[337,38],
	[337,37],
	[337,36],
	[337,35],
	[336,37],
	[336,36],
	[336,35],
	[337,34],
	[336,34],
	[337,33],
	[336,33],
	[337,32],
	[336,32],
	[337,31],
	[336,31],
	[336,30],
	[337,30],
	[336,29],
	[337,29],
	[336,28],
	[337,28],
	[336,27],
	[337,27],
	[338,27],
	[339,27],
	[340,27],
	[341,27],
	[342,27],
	[342,28],
	[343,27],
	[342,28],
	[342,29],
	[342,30],
	[342,31],
	[342,32],
	[343,32],
	[344,32],
	[345,32],
	[346,32],
	[347,32],
	[348,32],
	[349,32],
	[350,32],
	[351,32],
	[352,32],
	[353,32],
	[354,32],
	[355,32],
	[356,32],
	[357,32],
	[358,32],
	[359,32],
	[360,34],
	[360,33],
	[360,32],
	[360,35],
	[360,36],
	[360,37],
	[360,38],
	[360,39],
	[360,40],
	[361,41],
	[360,41],
	[362,41],
	[363,41],
	[364,41],
	[365,41],
	[364,40],
	[365,40],
	[364,39],
	[365,39],
	[364,38],
	[365,38],
	[364,37],
	[365,37],
	[364,36],
	[365,36],
	[364,35],
	[365,35],
	[364,34],
	[365,34],
	[364,33],
	[365,33],
	[366,32],
	[364,32],
	[365,32],
	[367,32],
	[368,32],
	[369,32],
	[370,32],
	[370,31],
	[370,30],
	[370,29],
	[370,28],
	[369,28],
	[368,28],
	[367,28],
	[366,28],
	[365,28],
	[364,28],
	[364,27],
	[365,27],
	[366,28],
	[366,27],
	[367,28],
	[367,27],
	[368,27],
	[369,27],
	[370,27],
	[371,27],
	[372,27],
	[370,28],
	[373,27],
	[374,27],
	[375,27],
	[376,28],
	[376,27],
	[376,29],
	[376,30],
	[376,31],
	[376,32],
	[376,33],
	[376,34],
	[376,35],
	[376,36],
	[376,37],
	[376,38],
	[376,39],
	[376,40],
	[377,41],
	[376,41],
	[378,41],
	[379,41],
	[380,41],
	[380,40],
	[381,41],
	[381,40],
	[381,39],
	[380,39],
	[381,38],
	[380,38],
	[381,37],
	[380,37],
	[381,36],
	[381,35],
	[381,34],
	[381,33],
	[381,32],
	[380,34],
	[380,33],
	[380,32],
	[381,31],
	[380,31],
	[381,30],
	[380,30],
	[382,29],
	[381,29],
	[383,29],
	[383,28],
	[382,28],
	[384,28],
	[384,29],
	[385,28],
	[385,29],
	[385,30],
	[386,30],
	[386,31],
	[386,32],
	[387,33],
	[388,34],
	[389,36],
	[389,35],
	[390,37],
	[390,35],
	[390,36],
	[391,38],
	[391,36],
	[391,37],
	[392,38],
	[392,39],
	[392,40],
	[393,39],
	[393,40],
	[393,41],
	[394,41],
	[395,41],
	[396,41],
	[397,41],
	[397,39],
	[398,39],
	[398,40],
	[398,41],
	[399,41],
	[399,40],
	[400,41],
	[398,39],
	[398,38],
	[397,39],
	[397,37],
	[397,38],
	[396,36],
	[396,37],
	[395,34],
	[395,35],
	[395,36],
	[394,33],
	[394,34],
	[393,32],
	[393,33],
	[392,30],
	[392,31],
	[392,32],
	[391,31],
	[391,29],
	[391,30],
	[393,27],
	[392,27],
	[391,27],
	[394,27],
	[395,27],
	[396,27],
	[397,27],
	[398,27],
	[399,27],
	[400,27],
	[401,27],
	[402,27],
	[402,28],
	[403,28],
	[403,27],
	[403,29],
	[403,30],
	[403,31],
	[404,31],
	[403,32],
	[404,32],
	[404,33],
	[405,34],
	[404,34],
	[404,35],
	[405,35],
	[405,36],
	[406,36],
	[406,37],
	[405,37],
	[407,38],
	[406,38],
	[407,39],
	[408,39],
	[408,40],
	[409,40],
	[409,39],
	[410,41],
	[410,40],
	[411,41],
	[411,40],
	[412,41],
	[413,41],
	[414,41],
	[415,41],
	[415,42],
	[420,41],
	[418,41],
	[419,41],
	[420,40],
	[421,40],
	[422,40],
	[421,39],
	[422,39],
	[423,39],
	[422,38],
	[423,38],
	[420,40],
	[419,40],
	[422,39],
	[422,40],
	[422,38],
	[423,38],
	[423,39],
	[424,37],
	[424,38],
	[423,37],
	[425,36],
	[424,36],
	[426,35],
	[425,35],
	[426,34],
	[426,33],
	[427,32],
	[427,31],
	[427,30],
	[431,27],
	[430,27],
	[429,27],
	[432,27],
	[433,27],
	[434,27],
	[435,27],
	[436,27],
	[437,27],
	[438,29],
	[438,27],
	[438,30],
	[439,28],
	[439,29],
	[439,30],
	[440,28],
	[438,30],
	[438,31],
	[438,32],
	[438,33],
	[438,34],
	[438,35],
	[438,36],
	[438,37],
	[438,38],
	[438,39],
	[438,40],
	[437,41],
	[438,41],
	[437,42],
	[438,42],
	[437,43],
	[438,43],
	[437,44],
	[436,44],
	[435,44],
	[436,45],
	[435,45],
	[434,45],
	[433,46],
	[433,45],
	[432,45],
	[432,46],
	[432,47],
	[432,48],
	[434,49],
	[433,49],
	[432,49],
	[437,49],
	[437,48],
	[438,48],
	[439,48],
	[439,47],
	[440,47],
	[440,46],
	[441,46],
	[441,45],
	[441,44],
	[442,44],
	[442,45],
	[442,43],
	[442,42],
	[442,41],
	[443,41],
	[442,40],
	[443,40],
	[442,39],
	[443,39],
	[442,38],
	[443,38],
	[442,37],
	[443,37],
	[442,36],
	[443,36],
	[442,35],
	[443,35],
	[443,34],
	[443,33],
	[443,32],
	[443,31],
	[444,30],
	[445,29],
	[446,28],
	[448,28],
	[447,28],
	[449,28],
	[449,27],
	[450,27],
	[451,27],
	[451,26],
	[448,22],
	[449,22],
	[450,22],
	[443,20],
	[443,21],
	[443,22],
	[444,22],
	[445,22],
	[438,18],
	[438,20],
	[438,19],
	[428,18],
	[427,17],
	[427,18],
	[427,16],
	[423,16],
	[423,17],
	[423,18],
	[422,16],
	[422,17],
	[422,18],
	[407,16],
	[407,17],
	[407,15],
	[408,15],
	[403,17],
	[403,16],
	[402,16],
	[402,17],
	[403,15],
	[402,15],
	[394,16],
	[394,17],
	[395,15],
	[395,16],
	[396,15],
	[391,15],
	[391,14],
	[392,14],
	[376,14],
	[376,13],
	[376,12],
	[358,10],
	[356,8],
	[356,9]
