 flag = array([
	[450,22],
	[448,22],
	[446,22],
	[444,22],
	[443,22],
	[442,20],
	[443,19],
	[443,18],
	[443,17],
	[443,16],
	[443,15],
	[443,14],
	[443,13],
	[443,12],
	[443,11],
	[442,10],
	[442,8],
	[441,6],
	[441,5],
	[440,5],
	[439,4],
	[438,3],
	[437,4],
	[436,3],
	[434,3],
	[433,3],
	[432,3],
	[432,4],
	[433,6],
	[433,7],
	[434,7],
	[435,7],
	[438,12],
	[438,14],
	[438,16],
	[438,18],
	[438,20],
	[437,22],
	[438,22],
	[434,22],
	[432,22],
	[430,22],
	[428,21],
	[428,20],
	[427,21],
	[427,19],
	[427,18],
	[427,17],
	[427,15],
	[426,13],
	[426,12],
	[426,10],
	[425,9],
	[424,8],
	[424,6],
	[422,5],
	[421,4],
	[419,3],
	[421,3],
	[417,2],
	[419,2],
	[415,2],
	[413,2],
	[411,3],
	[410,3],
	[409,4],
	[411,7],
	[407,5],
	[409,9],
	[405,9],
	[404,11],
	[404,9],
	[403,13],
	[403,11],
	[403,15],
	[403,16],
	[403,17],
	[403,18],
	[402,19],
	[402,21],
	[401,22],
	[399,22],
	[397,22],
	[395,22],
	[393,22],
	[391,22],
	[389,22],
	[390,21],
	[391,20],
	[391,19],
	[392,19],
	[393,18],
	[394,17],
	[395,15],
	[396,14],
	[397,13],
	[395,12],
	[397,12],
	[398,13],
	[394,12],
	[393,13],
	[392,12],
	[392,14],
	[391,15],
	[390,15],
	[389,17],
	[389,15],
	[388,17],
	[387,19],
	[386,19],
	[385,20],
	[385,21],
	[384,22],
	[381,20],
	[381,22],
	[380,21],
	[380,19],
	[380,18],
	[380,17],
	[380,16],
	[381,15],
	[381,13],
	[381,11],
	[381,10],
	[381,7],
	[381,5],
	[381,3],
	[381,1],
	[380,2],
	[380,0],
	[378,0],
	[376,4],
	[376,2],
	[376,6],
	[376,8],
	[376,10],
	[376,12],
	[376,14],
	[376,16],
	[376,18],
	[376,20],
	[376,22],
	[374,22],
	[372,22],
	[370,22],
	[368,22],
	[366,22],
	[365,19],
	[365,17],
	[364,17],
	[364,18],
	[364,15],
	[364,14],
	[364,13],
	[364,12],
	[364,11],
	[364,10],
	[364,9],
	[364,8],
	[364,7],
	[364,6],
	[364,5],
	[364,4],
	[365,3],
	[359,4],
	[358,5],
	[357,5],
	[357,6],
	[356,7],
	[355,8],
	[355,9],
	[354,10],
	[354,11],
	[352,12],
	[352,13],
	[351,14],
	[350,15],
	[350,16],
	[350,17],
	[348,18],
	[348,19],
	[347,20],
	[346,21],
	[344,22],
	[342,22],
	[340,22],
	[338,22],
	[337,21],
	[336,18],
	[336,16],
	[335,17],
	[334,15],
	[333,13],
	[332,12],
	[329,11],
	[325,11],
	[324,12],
	[322,12],
	[321,13],
	[319,13],
	[319,14],
	[318,15],
	[317,14],
	[316,15],
	[316,13],
	[318,16],
	[316,13],
	[316,12],
	[314,12],
	[312,13],
	[312,14],
	[312,15],
	[312,17],
	[311,22],
	[312,20],
	[309,22],
	[307,22],
	[305,22],
	[303,22],
	[301,22],
	[301,20],
	[301,18],
	[301,16],
	[301,14],
	[301,12],
	[301,10],
	[301,8],
	[301,6],
	[301,4],
	[296,4],
	[295,4],
	[294,5],
	[296,7],
	[293,6],
	[292,8],
	[292,9],
	[291,9],
	[291,11],
	[290,12],
	[289,13],
	[288,14],
	[288,15],
	[286,16],
	[286,17],
	[286,18],
	[284,19],
	[284,20],
	[280,22],
	[278,22],
	[276,22],
	[274,22],
	[273,21],
	[273,19],
	[272,18],
	[272,17],
	[271,16],
	[271,15],
	[271,14],
	[269,14],
	[269,13],
	[266,12],
	[264,12],
	[262,12],
	[263,11],
	[261,12],
	[260,12],
	[258,12],
	[257,12],
	[256,13],
	[255,14],
	[254,15],
	[253,14],
	[254,16],
	[253,13],
	[252,12],
	[250,12],
	[249,14],
	[249,16],
	[249,18],
	[249,20],
	[249,22],
	[247,22],
	[245,22],
	[243,22],
	[241,22],
	[239,22],
	[237,22],
	[235,22],
	[233,22],
	[233,20],
	[233,18],
	[233,16],
	[233,14],
	[233,12],
	[233,10],
	[233,8],
	[233,6],
	[233,4],
	[232,3],
	[233,2],
	[231,2],
	[230,2],
	[229,2],
	[228,3],
	[227,4],
	[226,4],
	[225,5],
	[224,6],
	[223,6],
	[223,8],
	[222,7],
	[221,9],
	[220,9],
	[219,11],
	[219,12],
	[218,10],
	[220,13],
	[221,14],
	[222,14],
	[223,12],
	[223,11],
	[225,11],
	[226,10],
	[226,9],
	[228,10],
	[228,8],
	[229,9],
	[228,11],
	[228,13],
	[228,15],
	[228,17],
	[228,19],
	[228,21],
	[227,22],
	[225,22],
	[223,22],
	[221,22],
	[219,22],
	[217,22],
	[215,22],
	[213,22],
	[211,22],
	[210,19],
	[209,20],
	[209,17],
	[208,17],
	[208,15],
	[207,14],
	[206,13],
	[205,12],
	[204,13],
	[202,12],
	[201,12],
	[200,12],
	[199,12],
	[198,12],
	[196,12],
	[195,13],
	[194,13],
	[193,14],
	[192,14],
	[191,14],
	[190,14],
	[190,16],
	[190,13],
	[192,14],
	[190,12],
	[190,3],
	[190,5],
	[190,3],
	[190,1],
	[188,0],
	[186,0],
	[186,2],
	[185,1],
	[185,3],
	[185,4],
	[185,5],
	[185,6],
	[185,7],
	[185,8],
	[185,9],
	[185,10],
	[185,11],
	[185,12],
	[185,13],
	[185,14],
	[185,15],
	[185,16],
	[185,17],
	[185,18],
	[185,19],
	[185,20],
	[185,21],
	[184,22],
	[186,22],
	[182,22],
	[180,22],
	[178,22],
	[176,22],
	[174,22],
	[172,22],
	[170,22],
	[168,22],
	[166,22],
	[164,22],
	[162,22],
	[160,22],
	[158,22],
	[156,20],
	[156,22],
	[156,18],
	[156,16],
	[156,15],
	[157,14],
	[158,13],
	[157,12],
	[159,11],
	[160,10],
	[161,9],
	[162,8],
	[163,7],
	[164,7],
	[165,7],
	[166,7],
	[168,6],
	[170,6],
	[171,7],
	[172,7],
	[173,6],
	[175,7],
	[176,7],
	[177,8],
	[178,7],
	[179,6],
	[180,4],
	[178,4],
	[177,3],
	[175,3],
	[174,3],
	[173,2],
	[171,2],
	[169,2],
	[167,2],
	[165,2],
	[164,3],
	[163,2],
	[161,3],
	[160,4],
	[159,4],
	[157,6],
	[155,9],
	[154,10],
	[153,12],
	[152,15],
	[151,19],
	[151,21],
	[150,20],
	[150,22],
	[149,22],
	[147,22],
	[145,22],
	[143,22],
	[141,22],
	[140,22],
	[140,19],
	[140,17],
	[140,15],
	[140,13],
	[140,11],
	[142,8],
	[143,7],
	[141,7],
	[145,7],
	[144,6],
	[146,6],
	[146,5],
	[146,4],
	[146,3],
	[146,2],
	[144,2],
	[146,5],
	[142,3],
	[143,6],
	[141,7],
	[137,6],
	[136,8],
	[135,9],
	[135,11],
	[135,13],
	[135,15],
	[131,22],
	[133,22],
	[134,22],
	[134,21],
	[135,20],
	[135,21],
	[135,17],
	[134,21],
	[134,22],
	[135,22],
	[131,22],
	[129,22],
	[127,22],
	[125,22],
	[123,22],
	[121,22],
	[119,18],
	[119,20],
	[119,16],
	[121,16],
	[120,15],
	[122,15],
	[123,16],
	[124,16],
	[125,15],
	[126,14],
	[127,16],
	[127,15],
	[127,13],
	[127,12],
	[127,12],
	[126,13],
	[123,12],
	[121,12],
	[119,11],
	[119,10],
	[119,8],
	[119,7],
	[120,6],
	[121,5],
	[122,4],
	[124,4],
	[126,4],
	[124,3],
	[128,5],
	[128,4],
	[129,3],
	[130,1],
	[128,0],
	[127,0],
	[128,1],
	[124,0],
	[122,0],
	[120,0],
	[119,0],
	[118,1],
	[117,2],
	[116,3],
	[115,4],
	[115,5],
	[115,6],
	[114,9],
	[113,12],
	[113,13],
	[111,13],
	[109,13],
	[109,14],
	[108,13],
	[107,14],
	[107,12],
	[108,15],
	[106,15],
	[107,16],
	[111,16],
	[109,16],
	[109,16],
	[113,16],
	[114,18],
	[114,20],
	[115,19],
	[114,21],
	[114,22],
	[113,22],
	[111,22],
	[109,22],
	[107,22],
	[105,22],
	[103,22],
	[101,22],
	[99,21],
	[99,20],
	[99,17],
	[101,16],
	[99,16],
	[102,15],
	[100,15],
	[103,15],
	[104,15],
	[104,12],
	[101,12],
	[99,8],
	[99,6],
	[98,6],
	[97,6],
	[99,7],
	[96,6],
	[95,7],
	[95,8],
	[95,9],
	[95,11],
	[95,12],
	[93,12],
	[92,13],
	[91,13],
	[90,14],
	[90,15],
	[90,16],
	[92,16],
	[91,15],
	[93,15],
	[94,17],
	[94,15],
	[95,16],
	[95,18],
	[95,19],
	[95,20],
	[95,21],
	[95,22],
	[93,22],
	[91,22],
	[89,22],
	[87,22],
	[85,22],
	[83,22],
	[81,22],
	[79,22],
	[77,22],
	[75,22],
	[73,21],
	[72,21],
	[73,20],
	[74,19],
	[74,18],
	[75,18],
	[76,17],
	[76,16],
	[79,16],
	[81,16],
	[83,16],
	[84,16],
	[85,16],
	[86,16],
	[87,16],
	[88,14],
	[88,13],
	[86,13],
	[86,12],
	[84,12],
	[83,12],
	[82,11],
	[81,11],
	[80,11],
	[79,11],
	[78,11],
	[76,12],
	[75,12],
	[74,12],
	[73,14],
	[72,14],
	[71,15],
	[70,16],
	[69,16],
	[69,18],
	[68,19],
	[68,21],
	[67,21],
	[68,22],
	[65,22],
	[63,22],
	[61,22],
	[59,22],
	[59,22],
	[58,22],
	[57,22],
	[57,20],
	[59,18],
	[59,17],
	[60,16],
	[60,15],
	[60,14],
	[60,13],
	[61,12],
	[62,11],
	[62,10],
	[63,8],
	[64,7],
	[64,6],
	[65,5],
	[65,4],
	[65,3],
	[67,3],
	[67,2],
	[65,3],
	[64,3],
	[66,4],
	[63,3],
	[62,3],
	[61,3],
	[60,4],
	[60,6],
	[59,6],
	[58,10],
	[58,8],
	[57,10],
	[56,11],
	[56,13],
	[55,14],
	[54,15],
	[54,16],
	[53,17],
	[53,18],
	[51,19],
	[53,19],
	[50,18],
	[50,20],
	[52,20],
	[49,17],
	[49,16],
	[48,13],
	[47,11],
	[47,13],
	[46,10],
	[45,9],
	[45,8],
	[44,7],
	[43,6],
	[43,4],
	[42,3],
	[40,3],
	[38,3],
	[38,5],
	[37,5],
	[39,6],
	[39,7],
	[40,8],
	[40,9],
	[41,10],
	[42,12],
	[42,13],
	[43,14],
	[43,15],
	[44,16],
	[44,17],
	[45,18],
	[45,19],
	[45,20],
	[46,21],
	[45,22],
	[47,22],
	[44,22],
	[42,22],
	[40,22],
	[38,22],
	[36,22],
	[34,22],
	[32,22],
	[30,22],
	[31,20],
	[33,22],
	[31,18],
	[32,16],
	[33,13],
	[34,11],
	[34,9],
	[34,8],
	[35,6],
	[37,5],
	[38,6],
	[36,4],
	[38,4],
	[37,3],
	[37,2],
	[38,2],
	[35,2],
	[34,2],
	[33,2],
	[32,2],
	[31,4],
	[31,5],
	[30,5],
	[30,7],
	[30,8],
	[29,9],
	[28,10],
	[29,11],
	[28,13],
	[27,14],
	[27,15],
	[26,16],
	[26,17],
	[26,19],
	[26,20],
	[25,21],
	[22,22],
	[20,22],
	[18,22],
	[15,17],
	[14,15],
	[13,15],
	[13,13],
	[12,12],
	[12,11],
	[12,9],
	[12,8],
	[11,7],
	[11,6],
	[11,5],
	[6,6],
	[5,6],
	[5,4],
	[4,3],
	[5,5],
	[6,8],
	[6,6],
	[7,8],
	[7,10],
	[7,12],
	[8,12],
	[9,14],
	[8,14],
	[10,16],
	[9,17],
	[10,18],
	[11,19],
	[11,20],
	[10,22],
	[9,22],
	[7,22],
	[5,22],
	[3,22],
	[1,22],
	[0,23],
	[0,25],
	[0,26],
	[1,27],
	[3,27],
	[5,27],
	[7,27],
	[9,27],
	[11,27],
	[13,28],
	[14,28],
	[14,30],
	[15,30],
	[15,32],
	[15,33],
	[15,34],
	[17,36],
	[20,35],
	[18,40],
	[20,41],
	[22,41],
	[23,40],
	[23,39],
	[23,38],
	[24,37],
	[25,35],
	[25,34],
	[25,33],
	[27,31],
	[30,27],
	[31,27],
	[33,27],
	[35,27],
	[37,27],
	[39,27],
	[41,27],
	[43,27],
	[45,27],
	[47,27],
	[49,27],
	[49,29],
	[49,31],
	[49,33],
	[49,35],
	[49,37],
	[49,39],
	[52,41],
	[51,41],
	[54,40],
	[54,39],
	[54,37],
	[54,35],
	[54,33],
	[54,31],
	[57,27],
	[55,27],
	[59,27],
	[61,27],
	[63,27],
	[64,27],
	[66,27],
	[67,28],
	[67,30],
	[67,32],
	[68,33],
	[68,34],
	[69,35],
	[70,36],
	[70,37],
	[71,38],
	[72,39],
	[73,40],
	[74,40],
	[75,41],
	[76,41],
	[78,41],
	[80,42],
	[81,41],
	[83,41],
	[85,41],
	[86,40],
	[87,40],
	[87,38],
	[85,37],
	[86,36],
	[85,36],
	[86,36],
	[84,37],
	[85,37],
	[81,37],
	[79,37],
	[77,37],
	[76,37],
	[75,36],
	[74,36],
	[74,34],
	[73,34],
	[72,29],
	[72,31],
	[74,27],
	[73,27],
	[88,27],
	[90,27],
	[86,27],
	[84,27],
	[82,27],
	[80,27],
	[78,27],
	[76,27],
	[78,27],
	[80,27],
	[82,27],
	[84,27],
	[85,27],
	[88,27],
	[88,27],
	[90,27],
	[92,27],
	[94,27],
	[95,27],
	[94,29],
	[93,27],
	[95,30],
	[95,31],
	[95,32],
	[95,33],
	[95,34],
	[95,35],
	[95,37],
	[95,38],
	[97,39],
	[98,40],
	[98,41],
	[99,40],
	[101,41],
	[103,41],
	[105,41],
	[107,41],
	[107,40],
	[108,38],
	[108,40],
	[107,37],
	[106,37],
	[104,37],
	[102,37],
	[101,36],
	[100,36],
	[99,35],
	[99,34],
	[99,32],
	[99,30],
	[99,28],
	[99,27],
	[102,27],
	[104,27],
	[106,27],
	[108,27],
	[110,27],
	[112,27],
	[114,27],
	[115,28],
	[115,29],
	[115,30],
	[115,31],
	[115,32],
	[115,33],
	[115,34],
	[115,35],
	[115,36],
	[115,37],
	[115,38],
	[115,39],
	[115,40],
	[115,41],
	[114,41],
	[118,41],
	[119,41],
	[119,38],
	[119,36],
	[119,34],
	[119,32],
	[119,30],
	[122,27],
	[120,27],
	[124,27],
	[126,27],
	[128,27],
	[129,28],
	[131,28],
	[133,28],
	[133,29],
	[134,31],
	[135,32],
	[135,30],
	[135,34],
	[135,36],
	[135,38],
	[135,40],
	[135,42],
	[135,43],
	[135,44],
	[137,45],
	[136,46],
	[138,47],
	[139,47],
	[140,48],
	[141,48],
	[142,49],
	[144,49],
	[145,49],
	[146,49],
	[146,48],
	[146,46],
	[145,45],
	[145,47],
	[144,46],
	[142,44],
	[141,44],
	[141,43],
	[140,43],
	[140,41],
	[140,39],
	[139,38],
	[139,40],
	[140,37],
	[140,36],
	[140,35],
	[140,34],
	[140,33],
	[140,32],
	[140,31],
	[140,30],
	[138,29],
	[139,28],
	[137,27],
	[139,27],
	[141,27],
	[143,27],
	[145,27],
	[147,27],
	[149,27],
	[151,28],
	[151,29],
	[152,29],
	[152,30],
	[153,32],
	[153,33],
	[154,34],
	[155,35],
	[155,36],
	[156,36],
	[156,38],
	[157,37],
	[158,38],
	[159,39],
	[160,39],
	[161,40],
	[162,40],
	[163,41],
	[165,41],
	[167,41],
	[168,42],
	[170,41],
	[172,41],
	[174,41],
	[175,41],
	[176,41],
	[178,39],
	[178,38],
	[177,36],
	[178,35],
	[175,36],
	[174,37],
	[173,37],
	[172,37],
	[170,37],
	[168,37],
	[166,37],
	[165,36],
	[164,36],
	[162,35],
	[161,34],
	[160,33],
	[159,32],
	[159,34],
	[158,32],
	[158,30],
	[157,30],
	[156,29],
	[157,28],
	[156,27],
	[158,27],
	[160,27],
	[162,27],
	[164,27],
	[166,27],
	[168,27],
	[170,27],
	[172,27],
	[174,27],
	[176,27],
	[178,27],
	[180,27],
	[182,27],
	[184,27],
	[185,28],
	[186,28],
	[185,29],
	[185,30],
	[185,31],
	[185,32],
	[185,33],
	[185,34],
	[185,35],
	[185,36],
	[185,37],
	[185,38],
	[185,39],
	[185,40],
	[185,41],
	[188,41],
	[190,40],
	[190,39],
	[190,37],
	[190,35],
	[190,33],
	[190,31],
	[190,29],
	[190,27],
	[191,27],
	[194,27],
	[196,27],
	[198,27],
	[200,27],
	[202,27],
	[204,27],
	[205,28],
	[205,30],
	[205,32],
	[205,34],
	[205,36],
	[205,38],
	[205,40],
	[206,41],
	[208,41],
	[209,39],
	[210,40],
	[210,39],
	[210,38],
	[210,37],
	[210,36],
	[210,35],
	[209,34],
	[209,33],
	[209,32],
	[210,31],
	[209,30],
	[209,29],
	[209,28],
	[212,27],
	[214,27],
	[216,27],
	[216,27],
	[218,27],
	[220,27],
	[222,27],
	[224,27],
	[226,27],
	[228,29],
	[228,27],
	[228,31],
	[228,33],
	[228,35],
	[228,37],
	[228,39],
	[228,41],
	[230,41],
	[232,41],
	[233,41],
	[233,38],
	[233,36],
	[233,34],
	[233,32],
	[233,30],
	[233,28],
	[234,27],
	[236,27],
	[238,27],
	[240,27],
	[242,27],
	[244,27],
	[246,27],
	[248,27],
	[249,28],
	[249,30],
	[249,32],
	[249,34],
	[249,36],
	[249,38],
	[249,40],
	[250,41],
	[252,41],
	[253,41],
	[254,41],
	[254,39],
	[254,38],
	[254,37],
	[254,36],
	[253,34],
	[254,35],
	[254,33],
	[254,32],
	[254,31],
	[254,30],
	[254,29],
	[254,28],
	[256,27],
	[257,27],
	[259,27],
	[261,27],
	[263,27],
	[265,27],
	[267,27],
	[268,28],
	[269,27],
	[269,28],
	[268,30],
	[268,31],
	[269,32],
	[268,34],
	[268,38],
	[268,40],
	[269,39],
	[268,41],
	[269,41],
	[272,41],
	[273,41],
	[273,38],
	[273,36],
	[273,34],
	[273,32],
	[273,30],
	[273,28],
	[275,27],
	[277,27],
	[278,28],
	[279,28],
	[279,29],
	[278,27],
	[278,29],
	[279,30],
	[279,31],
	[278,32],
	[281,32],
	[282,32],
	[284,32],
	[286,32],
	[288,32],
	[290,32],
	[292,32],
	[294,32],
	[296,32],
	[297,33],
	[297,34],
	[297,35],
	[296,36],
	[297,37],
	[297,38],
	[297,39],
	[297,40],
	[297,41],
	[298,41],
	[300,41],
	[301,40],
	[301,36],
	[301,34],
	[302,32],
	[303,32],
	[305,32],
	[307,32],
	[307,30],
	[307,28],
	[305,28],
	[303,28],
	[301,28],
	[301,27],
	[303,27],
	[304,27],
	[305,28],
	[306,27],
	[307,28],
	[308,27],
	[310,27],
	[312,27],
	[312,29],
	[312,31],
	[312,33],
	[312,35],
	[312,37],
	[312,39],
	[312,41],
	[314,41],
	[316,41],
	[317,40],
	[317,39],
	[317,36],
	[317,34],
	[317,32],
	[317,30],
	[317,28],
	[317,27],
	[320,27],
	[322,27],
	[324,27],
	[326,27],
	[328,27],
	[330,27],
	[332,27],
	[332,29],
	[332,31],
	[332,32],
	[332,35],
	[332,37],
	[332,39],
	[332,41],
	[334,41],
	[336,40],
	[337,41],
	[336,40],
	[337,38],
	[337,36],
	[336,37],
	[336,35],
	[336,34],
	[336,33],
	[336,32],
	[336,31],
	[337,30],
	[337,29],
	[337,28],
	[337,27],
	[339,27],
	[341,27],
	[342,28],
	[342,28],
	[342,30],
	[342,32],
	[344,32],
	[346,32],
	[348,32],
	[350,32],
	[352,32],
	[354,32],
	[356,32],
	[358,32],
	[360,34],
	[360,32],
	[360,36],
	[360,38],
	[360,40],
	[360,41],
	[363,41],
	[365,41],
	[365,40],
	[365,39],
	[365,38],
	[365,37],
	[365,36],
	[365,35],
	[365,34],
	[365,33],
	[364,32],
	[367,32],
	[369,32],
	[370,31],
	[370,29],
	[369,28],
	[367,28],
	[365,28],
	[364,27],
	[366,28],
	[367,28],
	[368,27],
	[370,27],
	[372,27],
	[373,27],
	[375,27],
	[376,27],
	[376,30],
	[376,32],
	[376,34],
	[376,36],
	[376,38],
	[376,40],
	[376,41],
	[379,41],
	[380,40],
	[381,40],
	[380,39],
	[380,38],
	[380,37],
	[381,35],
	[381,33],
	[380,34],
	[380,32],
	[380,31],
	[380,30],
	[381,29],
	[383,28],
	[384,28],
	[385,28],
	[385,30],
	[386,31],
	[387,33],
	[389,36],
	[390,37],
	[390,36],
	[391,36],
	[392,38],
	[392,40],
	[393,40],
	[394,41],
	[396,41],
	[397,39],
	[398,40],
	[399,41],
	[400,41],
	[398,38],
	[397,37],
	[396,36],
	[395,34],
	[395,36],
	[394,34],
	[393,33],
	[392,31],
	[391,31],
	[391,30],
	[392,27],
	[394,27],
	[396,27],
	[398,27],
	[400,27],
	[402,27],
	[403,28],
	[403,29],
	[403,31],
	[403,32],
	[404,33],
	[404,34],
	[405,35],
	[406,36],
	[405,37],
	[406,38],
	[408,39],
	[409,40],
	[410,41],
	[411,41],
	[412,41],
	[414,41],
	[415,42],
	[418,41],
	[420,40],
	[422,40],
	[422,39],
	[422,38],
	[420,40],
	[422,39],
	[422,38],
	[423,39],
	[424,38],
	[425,36],
	[426,35],
	[426,34],
	[427,32],
	[427,30],
	[430,27],
	[432,27],
	[434,27],
	[436,27],
	[438,29],
	[438,30],
	[439,29],
	[440,28],
	[438,31],
	[438,33],
	[438,35],
	[438,37],
	[438,39],
	[437,41],
	[437,42],
	[437,43],
	[437,44],
	[435,44],
	[435,45],
	[433,46],
	[432,45],
	[432,47],
	[434,49],
	[432,49],
	[437,48],
	[439,48],
	[440,47],
	[441,46],
	[441,44],
	[442,45],
	[442,42],
	[443,41],
	[443,40],
	[443,39],
	[443,38],
	[443,37],
	[443,36],
	[443,35],
	[443,33],
	[443,31],
	[445,29],
	[448,28],
	[449,28],
	[450,27],
	[451,26],
	[449,22],
	[443,20],
	[443,22],
	[445,22],
	[438,20],
	[428,18],
	[427,18],
	[423,16],
	[423,18],
	[422,17],
	[407,16],
	[407,15],
	[403,17],
	[402,16],
	[403,15],
	[394,16],
	[395,15],
	[396,15],
	[391,14],
	[376,14],
	[376,12],
	[356,8]
])